0,273
0,270
10,107
10,169
10,85
10,235
10,87
10,291
10,67
10,97
10,2
10,3
9,7
9,2
9,3
8,11
8,15
8,5
8,16
8,2
8,3
130,3
130,2
130,1
130,0
70,4
70,3
70,2
70,1
68,4
68,3
68,1
65,5
65,3
65,1
61,5
61,3
61,1
59,4
59,3
59,2
59,1
44,4
44,3
44,1
42,3
42,1
40,3
40,1
39,3
39,1
20,2
20,1
14,4
12,3
20,3
12,2
12,1
11,30
11,29
11,28
11,27
11,26
11,25
11,24
11,23
11,22
11,21
11,20
11,19
11,18
11,17
11,16
11,15
19,2
19,1
11,14
11,13
11,12
11,11
11,10
11,9
11,8
11,7
11,6
11,5
11,4
11,3
19,3
11,2
11,1
10,317
10,316
10,315
10,314
10,313
10,312
10,311
10,310
10,309
10,308
10,307
10,306
10,304
10,302
10,301
10,300
10,298
10,296
10,293
10,292
10,272
10,263
10,259
